<?xml version="1.0"?>
<opencv_storage>
<calibration_time>"Thu 21 Dec 2017 05:07:58 PM HKT"</calibration_time>
<nr_of_frames>25</nr_of_frames>
<image_width>640</image_width>
<image_height>480</image_height>
<board_width>7</board_width>
<board_height>5</board_height>
<square_size>36.</square_size>
<fix_aspect_ratio>1.</fix_aspect_ratio>
<!-- flags: +fix_aspectRatio +fix_principal_point +zero_tangent_dist +fix_k4 +fix_k5 -->
<flags>6158</flags>
<fisheye_model>0</fisheye_model>
<camera_matrix type_id="opencv-matrix">
  <rows>3</rows>
  <cols>3</cols>
  <dt>d</dt>
  <data>
    1.1303520877764306e+03 0. 320. 0. 1.1303520877764306e+03 240. 0. 0.
    1.</data></camera_matrix>
<distortion_coefficients type_id="opencv-matrix">
  <rows>5</rows>
  <cols>1</cols>
  <dt>d</dt>
  <data>
    -1.2200091253914043e-01 -1.3244246308080097e+01 0. 0.
    5.3543029000739955e+02</data></distortion_coefficients>
<avg_reprojection_error>1.0799511877883264e-01</avg_reprojection_error>
<per_view_reprojection_errors type_id="opencv-matrix">
  <rows>25</rows>
  <cols>1</cols>
  <dt>f</dt>
  <data>
    1.23734750e-01 1.16601989e-01 1.16294160e-01 1.06128670e-01
    1.12678535e-01 1.09284468e-01 1.01888843e-01 1.08914904e-01
    1.06160276e-01 9.83885378e-02 1.19241171e-01 1.27965689e-01
    1.18251607e-01 1.17794633e-01 1.10874280e-01 9.22151655e-02
    1.08106762e-01 7.98897371e-02 1.11999035e-01 1.12263665e-01
    8.59839544e-02 9.44959000e-02 1.08948492e-01 9.55489948e-02
    1.01282589e-01</data></per_view_reprojection_errors>
<!-- a set of 6-tuples (rotation vector + translation vector) for each view -->
<extrinsic_parameters type_id="opencv-matrix">
  <rows>25</rows>
  <cols>6</cols>
  <dt>d</dt>
  <data>
    1.3823195368343194e-02 4.0047574724700491e-01 3.1028897364983119e+00
    2.3366756706832712e+02 1.3833604972863077e+02 1.8277712079316366e+03
    1.0491599862881385e-02 4.1604856559422837e-01 3.0998128331935462e+00
    2.3191583658332431e+02 1.3651022308011292e+02 1.8211694282011304e+03
    3.0602292613023598e-03 4.1377951175165972e-01 3.1076748888980901e+00
    2.3253476261660470e+02 1.3888146722794218e+02 1.8282679363543828e+03
    -2.5868624430166853e-01 -2.6604311389330712e-03
    -2.0619218517923567e-03 1.5981155210759304e+01
    1.0708866000566490e+00 1.8660757004210939e+03
    -2.6454556373323085e-01 2.9763590101820714e-03
    -2.2543658078903704e-03 1.5967236419982331e+01
    1.3138150974601606e+00 1.8630136980546715e+03
    -2.5854068356006971e-01 2.9634847914533752e-03
    -1.5596056961528883e-03 1.6169182376573602e+01
    1.4851818202197242e+00 1.8666711773280358e+03
    -2.5771459211214132e-01 -7.1061041910272537e-04
    -1.8366461929489456e-03 1.6081854085100719e+01
    1.1696748195752940e+00 1.8675645890697731e+03
    -2.6276165294191167e-01 3.6241849977733109e-03
    -4.3172320700629692e-03 1.5787103470043991e+01
    1.0067945251015045e+00 1.8694404885357228e+03
    -2.6155898789217674e-01 3.8152861320414509e-03
    -2.3173873398582242e-03 1.5802704973300578e+01
    1.0212789472805077e+00 1.8677698895277306e+03
    -2.6090291138319910e-01 2.7055778598860953e-03
    -1.9502785651629687e-03 1.5785166172169520e+01
    1.0228914423342133e+00 1.8673827996144382e+03 7.6557461438660507e-03
    4.0473335463369448e-01 3.1099042066538565e+00 2.3163297721865956e+02
    1.3849983354649140e+02 1.8311693783050944e+03 1.3976594721638308e-02
    4.0751048053757544e-01 3.1095556876010635e+00 2.3172714119176962e+02
    1.3881146180806198e+02 1.8276329030759389e+03
    -2.6170356230286090e-01 6.6018274930037197e-03
    -2.8428966888711387e-03 1.5437889364765347e+01
    9.6516856598805734e-01 1.8691670198313484e+03
    -2.6272603096135771e-01 7.2438394500217995e-03
    -2.8235196353321021e-03 1.5467439167741597e+01
    1.0805929566515389e+00 1.8681590942260048e+03
    -2.5902136550926924e-01 7.7281946355981651e-03
    -6.0673630829903449e-04 1.5766342442436526e+01
    9.5474838622232949e-01 1.8684314602102152e+03
    -2.5826547604529948e-01 6.0621467041031022e-03
    1.0636374777869425e-03 1.5760509317881427e+01 9.3956900088041306e-01
    1.8662483871895097e+03 -2.6006571379907245e-01
    5.0892009094212686e-03 2.2168889326296815e-04 1.5439192880227070e+01
    7.4122476849200991e-01 1.8679649892359246e+03
    -2.6223750534108864e-01 5.0417294754203515e-03
    6.8559842131919865e-04 1.5166090379640638e+01 8.7224057709661029e-01
    1.8645945878680379e+03 -2.5801544314917008e-01
    4.9251186259635735e-03 3.5191909808899793e-04 1.5029395074030946e+01
    6.1640331478959576e-01 1.8670187002550638e+03
    -2.6055776547603038e-01 4.5428144024597262e-03
    2.9565919567707180e-04 1.4822880697970689e+01 6.5052157580201775e-01
    1.8655677398184196e+03 -2.5825964062341539e-01
    4.1455177779462201e-03 1.2640831212031634e-03 1.5168591053021556e+01
    8.1650328416139339e-01 1.8654895657551599e+03
    -2.6163377568952217e-01 3.7945158864711248e-03
    2.4029957205477380e-03 1.4828549888588727e+01 6.6519898176058978e-01
    1.8643419683557306e+03 -2.6222016219280081e-01
    2.7470237194015847e-03 1.3708789355384745e-03 1.4842146441074016e+01
    5.7074390976879219e-01 1.8638107197109994e+03
    -2.5823361957128782e-01 2.9198326544245794e-03
    2.9265083939936229e-03 1.5179043938414466e+01 6.5511211431738348e-01
    1.8648473740124407e+03 -2.6274102890970857e-01
    7.0867917747544657e-03 1.9836802822515475e-03 1.5131335858980890e+01
    8.1517380555944086e-01 1.8627091480086483e+03</data></extrinsic_parameters>
