<?xml version="1.0"?>
<opencv_storage>
<calibration_time>"Thu 21 Dec 2017 05:05:19 PM HKT"</calibration_time>
<nr_of_frames>25</nr_of_frames>
<image_width>640</image_width>
<image_height>480</image_height>
<board_width>7</board_width>
<board_height>5</board_height>
<square_size>36.</square_size>
<fix_aspect_ratio>1.</fix_aspect_ratio>
<!-- flags: +fix_aspectRatio +fix_principal_point +zero_tangent_dist +fix_k4 +fix_k5 -->
<flags>6158</flags>
<fisheye_model>0</fisheye_model>
<camera_matrix type_id="opencv-matrix">
  <rows>3</rows>
  <cols>3</cols>
  <dt>d</dt>
  <data>
    4.8507974856840428e+02 0. 320. 0. 4.8507974856840428e+02 240. 0. 0.
    1.</data></camera_matrix>
<distortion_coefficients type_id="opencv-matrix">
  <rows>5</rows>
  <cols>1</cols>
  <dt>d</dt>
  <data>
    -3.3675148864264137e-01 1.8547855923013130e+00 0. 0.
    -7.4018311730901019e+00</data></distortion_coefficients>
<avg_reprojection_error>3.1874881431323332e-01</avg_reprojection_error>
<per_view_reprojection_errors type_id="opencv-matrix">
  <rows>25</rows>
  <cols>1</cols>
  <dt>f</dt>
  <data>
    2.63947278e-01 3.15306306e-01 3.28064889e-01 3.21737170e-01
    3.16795826e-01 3.19730550e-01 3.08095127e-01 3.05316657e-01
    3.10814470e-01 3.26503694e-01 3.32107365e-01 3.34122568e-01
    3.28347951e-01 3.32910180e-01 3.26709867e-01 3.22102159e-01
    3.09728801e-01 3.06907237e-01 2.99357593e-01 3.32600623e-01
    3.46905231e-01 3.13273072e-01 3.16348404e-01 3.12660813e-01
    3.28803539e-01</data></per_view_reprojection_errors>
<!-- a set of 6-tuples (rotation vector + translation vector) for each view -->
<extrinsic_parameters type_id="opencv-matrix">
  <rows>25</rows>
  <cols>6</cols>
  <dt>d</dt>
  <data>
    -3.2581826854489787e-01 -6.7993070874420330e-02
    9.5830170040585479e-03 -7.6217757318376684e+01
    -7.5391517498040583e-01 6.1734145536092376e+02
    -3.2986362091456056e-01 -7.1076805592613188e-02
    7.2859829517576309e-03 -7.6809768965508908e+01
    -5.7874385237779080e-01 6.1830658340512844e+02
    -3.3120937138975337e-01 -7.0412483870545467e-02
    5.6221837581261567e-03 -7.7051552037170509e+01
    -4.7481619846617984e-01 6.1802023515794770e+02
    -3.2930362778308669e-01 -7.5642492668645533e-02
    3.2054479904386917e-03 -7.7349832612445383e+01
    -2.1204429550751885e-01 6.1887487706039553e+02
    -3.3211471600759523e-01 -7.7157256388699483e-02
    1.1585961376601394e-03 -7.8372365322257608e+01
    -3.1109756281676276e-01 6.2011292692138750e+02
    -3.3497371952082722e-01 -7.6140327872537453e-02
    1.1666823240365472e-03 -7.8286904883096881e+01
    -2.2296345418385874e-01 6.2054762753157092e+02
    -3.3438623461189187e-01 -7.6770703272638685e-02
    7.9339889540417621e-04 -7.8446268419351057e+01
    -1.6497936967048754e-01 6.2009636027991485e+02
    -3.3222818433223450e-01 -7.5483532875472492e-02
    7.8269988043992245e-04 -7.8404526060143866e+01
    3.6883330469547710e-03 6.2023427606581163e+02
    -3.3482691208915782e-01 -7.5201354841798351e-02
    4.0415416168761316e-04 -7.8510011799798775e+01
    -2.9041648257352660e-02 6.2049299591991837e+02
    -3.3316484666678159e-01 -7.5795164307811275e-02
    -1.6035657141150511e-03 -7.8939096448757127e+01
    -2.4428089141996220e-01 6.2046336127252289e+02
    -3.3112572436795640e-01 -7.7441936810225903e-02
    -4.0099612487579199e-03 -7.9596423383234111e+01
    -6.9256224274676847e-01 6.2011419352180076e+02
    -3.3025289884776798e-01 -7.5394229381407718e-02
    -5.2990606570840369e-03 -7.9804179529305785e+01
    -1.0349931161077524e+00 6.2022618649893741e+02
    -3.3093303533205243e-01 -7.5352085541446956e-02
    -4.3913511662401162e-03 -7.9425536891558494e+01
    -8.9705622854278377e-01 6.2041957424195959e+02
    -3.3358850992567762e-01 -7.6184800926467719e-02
    -2.1363766270600932e-03 -7.8811533988512323e+01
    -6.6605803678724718e-01 6.2045460055197600e+02
    -3.3119072108381825e-01 -7.5859714172699003e-02
    -1.3209097353358362e-03 -7.8525150762729496e+01
    -6.1778173560429450e-01 6.2031949584289509e+02
    -3.3263795607991481e-01 -7.5261801296511721e-02
    -1.1912574411266621e-03 -7.8516689808169716e+01
    -2.7049111036743401e-01 6.2068134896445474e+02
    -3.3101934044418996e-01 -7.5594154863509136e-02
    -1.0687729307795074e-04 -7.8237006120192191e+01
    -2.0480631976896088e-01 6.2042804511532722e+02
    -3.2792221881013472e-01 -7.5670569659086279e-02
    6.5342770915178519e-04 -7.7952212207571762e+01
    -5.5785963890586994e-02 6.1993495614000392e+02
    -3.2996015475498996e-01 -7.6014332524022787e-02
    6.3259245414710921e-04 -7.7986236113638398e+01
    -1.3585147421051902e-02 6.2044512862418367e+02
    -3.3103835258763981e-01 -7.4642892794712826e-02
    2.5924532193967969e-03 -7.7251186102410202e+01
    3.6065313307626029e-01 6.2034561891704891e+02
    -3.3293093433338300e-01 -7.4765537206462326e-02
    3.0566653848319780e-03 -7.7257697091449415e+01
    5.2634208817179640e-01 6.2083635053843670e+02
    -3.3579794598123186e-01 -7.6366874280894184e-02
    3.9410747451139282e-03 -7.7143514490322417e+01
    8.7045456311759195e-01 6.2092918392872934e+02
    -3.3028970702468252e-01 -7.6384718015111833e-02
    -9.2841668802408730e-04 -7.8079364382815882e+01
    1.8184792180251624e-01 6.2025987993480624e+02
    -3.3760706201357921e-01 -7.6944303045333201e-02
    -4.5082822337502229e-03 -7.9154873624792273e+01
    -7.8237452096806076e-02 6.2032016605086289e+02
    -3.3393801131054929e-01 -7.4077598825188579e-02
    -3.3636745325595079e-03 -7.8708670905841885e+01
    4.0773172262848062e-01 6.2007535253394394e+02</data></extrinsic_parameters>
