<?xml version="1.0"?>
<opencv_storage>
<calibration_time>"Thu 21 Dec 2017 05:17:16 PM HKT"</calibration_time>
<nr_of_frames>50</nr_of_frames>
<image_width>640</image_width>
<image_height>480</image_height>
<board_width>7</board_width>
<board_height>5</board_height>
<square_size>36.</square_size>
<fix_aspect_ratio>1.</fix_aspect_ratio>
<!-- flags: +fix_aspectRatio +fix_principal_point +zero_tangent_dist +fix_k4 +fix_k5 -->
<flags>6158</flags>
<fisheye_model>0</fisheye_model>
<camera_matrix type_id="opencv-matrix">
  <rows>3</rows>
  <cols>3</cols>
  <dt>d</dt>
  <data>
    4.8958229794915439e+02 0. 320. 0. 4.8958229794915439e+02 240. 0. 0.
    1.</data></camera_matrix>
<distortion_coefficients type_id="opencv-matrix">
  <rows>5</rows>
  <cols>1</cols>
  <dt>d</dt>
  <data>
    5.8353250280070816e-02 5.6525907898680383e-01 0. 0.
    -1.5887561040159057e+00</data></distortion_coefficients>
<avg_reprojection_error>8.3591339925785024e-01</avg_reprojection_error>
<per_view_reprojection_errors type_id="opencv-matrix">
  <rows>50</rows>
  <cols>1</cols>
  <dt>f</dt>
  <data>
    5.70150018e-01 4.70824867e-01 4.51974839e-01 5.68894923e-01
    3.93514425e-01 2.99207330e-01 1.59110710e-01 8.42678368e-01
    4.90594327e-01 5.32888293e-01 5.06923378e-01 2.16583753e+00
    3.29474735e+00 2.99018860e+00 7.98828244e-01 4.11674112e-01
    3.36573392e-01 2.84583122e-01 2.44046807e-01 3.22458774e-01
    3.49537760e-01 3.68770093e-01 3.86774212e-01 3.70853275e-01
    2.86986619e-01 4.10362571e-01 5.32375932e-01 4.87116426e-01
    5.54584622e-01 3.72726858e-01 4.54652995e-01 5.87074935e-01
    5.43307602e-01 4.06721979e-01 5.00229359e-01 3.13781321e-01
    3.89045328e-01 3.83414298e-01 3.60351622e-01 5.39997637e-01
    4.02045727e-01 4.26631272e-01 6.37224376e-01 5.10506213e-01
    5.93181074e-01 4.74392146e-01 4.71900642e-01 4.97550398e-01
    5.07331252e-01 5.38536847e-01</data></per_view_reprojection_errors>
<!-- a set of 6-tuples (rotation vector + translation vector) for each view -->
<extrinsic_parameters type_id="opencv-matrix">
  <rows>50</rows>
  <cols>6</cols>
  <dt>d</dt>
  <data>
    -2.8730503452167128e-01 4.0278327692539910e-02
    1.0377923769701003e-01 -2.5148782002488545e+01
    -9.7656074327156546e+00 7.6488951645481063e+02
    -2.8678172204379981e-01 2.7287049014555188e-02
    7.9613141637517662e-02 -3.2109629122971370e+01
    -1.5420801459934252e+01 7.8156920855475062e+02
    -2.8585283306863896e-01 -5.0562772274186943e-02
    7.6611005515479225e-02 7.1831427840392923e+00
    -9.4911448328287236e+00 8.0118036289991642e+02
    -2.5624210582045065e-01 -5.0972883384942858e-01
    2.1606539429646531e-02 1.0565753046128688e+02
    -4.8400059442179435e+00 8.4160973381407518e+02
    -4.7619414492358803e-01 3.9603384941398745e-01
    3.0302098103165269e+00 3.5615038536426385e+02 1.4045619545927417e+02
    8.9668683996489870e+02 1.1406559157265206e-01 3.7056393535625765e-01
    3.0081620040588106e+00 3.9382981337370916e+02 1.2290732900821295e+02
    8.3932157484714207e+02 5.6139423333587402e-01 4.4444887315292886e-01
    2.9317462846847460e+00 3.9721332555698189e+02 1.1738939281880306e+02
    7.8656429679781331e+02 -2.6666309271487104e-01
    -2.3638429032488688e-02 4.9682080476342177e-02
    -1.1540988619855803e+02 2.5216783435805756e+00
    8.3644901872081709e+02 -2.1661378053266356e-01
    -2.1645401696285597e-02 4.7006462222419915e-03
    -1.2061301298349282e+02 -1.4609440311838870e+02
    8.8791557329141801e+02 -1.0123257603143739e-01
    -5.2011791806145548e-02 7.6141441097926102e-02
    -1.5714841607851253e+02 -2.5651989948899285e+02
    9.6713096529681366e+02 -1.0622885508109740e-01
    -4.7038651604214249e-02 9.0070153028282321e-02
    -1.5356274158405543e+02 -2.5864044251984666e+02
    9.5532655963041748e+02 -5.2121096623771324e-01
    6.8245174916218556e-03 9.8743300145620369e-02
    -1.4088449928389801e+02 -2.5026679101746367e+02
    1.0463557937253709e+03 -9.2764878391643724e-01
    2.0380711428195128e-02 7.5586413044495898e-02
    -1.5524877032209471e+02 -1.9792572724866588e+02
    1.1009926790171226e+03 -9.5562817582390902e-01
    -1.2559348552069225e-02 7.5597377001744334e-02
    -1.5600526159490107e+02 -1.9778629254262955e+02
    1.1009828606013389e+03 -4.8970831050003982e-01
    -1.8678196131952288e-01 1.7186713602718667e-01
    -2.1335582571444596e+02 -1.9346797493564566e+02
    9.8841066548898141e+02 -2.9174591633320762e-01
    -3.4858647727542519e-01 1.9043560648889199e-01
    -2.6668508420191239e+02 -1.7044148211386786e+02
    9.2064900122977031e+02 -1.5227380968048040e-01
    -5.6685845015572256e-01 1.2721083474000941e-01
    -3.0894005955363514e+02 -1.3517649124397482e+02
    8.4014292772352655e+02 -1.5716497075589883e-01
    -5.3752065845921915e-01 2.6709717116993072e-02
    -3.2073134199543097e+02 -1.0582055371129036e+02
    8.0919105710035524e+02 7.6690983713623151e-01 3.1902320376594762e-01
    2.9077507354127619e+00 3.3483481629902508e+02 8.4330765816129514e+01
    7.4919797079786451e+02 8.0474472469263625e-01 3.7067933139930453e-01
    2.9356938800154087e+00 3.6440288609671541e+02 9.9784636660102336e+01
    7.4913950569623057e+02 7.8794795432772347e-01 3.6832681775501203e-01
    2.9516595683533731e+00 3.7148192523241028e+02 1.0327474926050040e+02
    7.5197596813914436e+02 7.8939808561812175e-01 3.7709536149417683e-01
    2.9555417886789823e+00 3.7348582444958186e+02 1.0425868286754157e+02
    7.5108440793600255e+02 7.9107308972001733e-01 3.6945136318550442e-01
    2.9591556903255181e+00 3.7496031117118753e+02 1.0577970998756854e+02
    7.4979438574572237e+02 7.6637266818201977e-01 3.7245961799754590e-01
    2.9683259189707987e+00 3.7794434077009601e+02 1.0694654197950548e+02
    7.5210773757994696e+02 7.3259832442135009e-01 3.9030600933778009e-01
    2.9776837005977770e+00 3.7654530044965213e+02 1.0560193154333435e+02
    7.5304112094855839e+02 4.9983759580005527e-01 4.6145588915894276e-01
    3.0344199114071744e+00 3.4146868926563434e+02 1.0717507305064471e+02
    7.5743545478911938e+02 -2.7556666577903743e-01
    -2.1076363405976743e-02 1.1103809638775388e-02
    4.8806562400515077e+00 9.0686234173351234e+00 8.2985597299943390e+02
    -2.9734270609477387e-01 -1.1270170872802705e-02
    1.8172292244662581e-02 -4.5187528286742502e+00
    1.2482112489861168e+01 8.2386616270382672e+02
    -3.3479907604636588e-01 1.0654325768372531e-02
    2.9932685186446865e-02 -2.9319414448497643e+01
    1.1636596344991634e+01 8.1860774351792111e+02
    -3.5855987528864997e-01 -1.0772217838931850e-01
    3.8241428270076633e-03 -1.2281174482979675e+02
    1.2544420594904249e+01 7.8599409271184209e+02
    -3.4875208499802829e-01 -1.0549214528279352e-01
    2.7276391642053817e-04 -1.1947509477915099e+02
    1.2689475544460588e+01 7.8440516558302284e+02
    -3.2808702423499542e-01 -1.0046342769236130e-01
    1.3203024650557402e-03 -1.4262274488545899e+02
    9.1020944273116147e+00 7.8268582055137131e+02
    -2.1680515588530766e-01 -2.6146544501060875e-01
    -6.8386375563483275e-03 -2.0963548805361950e+02
    3.3612398052817580e+00 7.5050094588259049e+02
    -2.4182608725002994e-01 -2.8826133774075885e-01
    -1.3042948334346832e-02 -2.1591360928818705e+02
    1.8845362396221479e+00 7.5349262222632785e+02
    -1.9155750815664593e-01 -3.1486017646755060e-01
    -8.1043802062951461e-04 -2.2628010406502295e+02
    -4.3030271965424616e-01 7.4845878418570805e+02
    -2.2025207836846755e-01 -4.8538407702292397e-01
    3.1235258376230327e-02 -2.6641500544677547e+02
    -2.4549751854505789e+01 7.3255856234794021e+02
    -1.9036259858478427e-01 -5.0135311859524900e-01
    3.3627416776920806e-02 -2.7799603382755220e+02
    -2.5072226214449564e+01 7.2796953597535310e+02
    -1.7837706591192606e-01 -5.8745498559956111e-01
    5.5002659188601179e-02 -3.0476362859975711e+02
    -2.6609245574543667e+01 7.2029884065854060e+02
    -1.1769223377246496e-01 -5.8034908770716709e-01
    5.5693718555268938e-02 -3.0818486732272208e+02
